indication	p_value	Freq	normalised_freq	count_lists_with_drugs	normalised_count_lists_with_drugs	score
hypertension	2.07e-06	31	1	8	1	1
depression	0.000265722	13	0.419354839	6	0.75	0.6177419356
edema	1.05e-07	11	0.35483871	3	0.375	0.366935484
Parkinson's Disease	4.34e-05	11	0.35483871	5	0.625	0.516935484
congestive heart failure	0.003932315	10	0.322580645	5	0.625	0.504032258
seizures	6.02e-05	9	0.290322581	1	0.125	0.1911290324
asthma	0.061895759	8	0.258064516	4	0.5	0.4032258064
benign prostatic hyperplasia (BPH)	1.22e-05	6	0.193548387	1	0.125	0.1524193548
nephrotic syndrome	3.38e-05	6	0.193548387	3	0.375	0.3024193548
obsessive compulsive disorder (OCD)	0	6	0.193548387	2	0.25	0.2274193548
Alzheimer's disease	0.000255553	5	0.161290323	2	0.25	0.2145161292
angina pectoris	0.058460847	5	0.161290323	4	0.5	0.3645161292
panic disorders	0	5	0.161290323	2	0.25	0.2145161292
skin infections	0.789529039	5	0.161290323	4	0.5	0.3645161292
bronchitis	0.387642728	4	0.129032258	2	0.25	0.2016129032
migraine headache	0.084713648	4	0.129032258	4	0.5	0.3516129032
schizophrenia	0.655163248	4	0.129032258	4	0.5	0.3516129032
social anxiety disorder	0	4	0.129032258	2	0.25	0.2016129032
urinary tract infections	0.911232843	4	0.129032258	4	0.5	0.3516129032
bipolar disorder	0.125094898	3	0.096774194	1	0.125	0.1137096776
bronchospasm	0.040257453	3	0.096774194	1	0.125	0.1137096776
chronic renal failure	0.002697255	3	0.096774194	1	0.125	0.1137096776
chronic stable angina	0.002697255	3	0.096774194	2	0.25	0.1887096776
corticosteroid-responsive dermatoses	0.317196338	3	0.096774194	2	0.25	0.1887096776
eczema	0.168928269	3	0.096774194	3	0.375	0.2637096776
epilepsy	0.125094898	3	0.096774194	1	0.125	0.1137096776
generalized anxiety disorder (GAD)	0.019209038	3	0.096774194	2	0.25	0.1887096776
hepatic cirrhosis	0.028715353	3	0.096774194	1	0.125	0.1137096776
itching	0.069151096	3	0.096774194	3	0.375	0.2637096776
menopause	0.125094898	3	0.096774194	3	0.375	0.2637096776
organ rejection	0.006293727	3	0.096774194	2	0.25	0.1887096776
pneumonia	0.80878187	3	0.096774194	3	0.375	0.2637096776
posttraumatic stress disorder	0.000722701	3	0.096774194	2	0.25	0.1887096776
respiratory tract infections	0.601895463	3	0.096774194	3	0.375	0.2637096776
senile dementia	0.104970359	3	0.096774194	2	0.25	0.1887096776
sinusitis	0.146471596	3	0.096774194	3	0.375	0.2637096776
acne vulgaris (AV)	0.36318709	2	0.064516129	2	0.25	0.1758064516
acute glomerulonephritis (AGN)	0.022777555	2	0.064516129	1	0.125	0.1008064516
attention-deficit/hyperactivity disorder (ADHD)	0.067233942	2	0.064516129	2	0.25	0.1758064516
contraceptive	0.649875148	2	0.064516129	2	0.25	0.1758064516
Crohn's disease	0.022777555	2	0.064516129	2	0.25	0.1758064516
diabetes mellitus	0.887190493	2	0.064516129	2	0.25	0.1758064516
diabetic nephropathy	0.094974681	2	0.064516129	2	0.25	0.1758064516
diarrhea	0.601750094	2	0.064516129	2	0.25	0.1758064516
emphysema	0.190958615	2	0.064516129	1	0.125	0.1008064516
erectile dysfunction	0.190958615	2	0.064516129	2	0.25	0.1758064516
headache	0.36318709	2	0.064516129	1	0.125	0.1008064516
heartburn	0.094974681	2	0.064516129	1	0.125	0.1008064516
hypercholesterolemia	0.157469468	2	0.064516129	1	0.125	0.1008064516
hyperprolactinemia	0.042857856	2	0.064516129	2	0.25	0.1758064516
intraocular pressure	0.36318709	2	0.064516129	2	0.25	0.1758064516
irritable bowel syndrome	0.520550675	2	0.064516129	2	0.25	0.1758064516
meningitis	0.601750094	2	0.064516129	2	0.25	0.1758064516
muscle pain	0.460608568	2	0.064516129	2	0.25	0.1758064516
myocardial infarction	0.520550675	2	0.064516129	2	0.25	0.1758064516
osteoarthritis	0.878422003	2	0.064516129	2	0.25	0.1758064516
otitis	0.429042173	2	0.064516129	2	0.25	0.1758064516
pharyngitis	0.36318709	2	0.064516129	2	0.25	0.1758064516
psoriasis	0.62641226	2	0.064516129	1	0.125	0.1008064516
renal cell carcinoma (RCC)	0.125280939	2	0.064516129	2	0.25	0.1758064516
rheumatoid arthritis	0.978360447	2	0.064516129	2	0.25	0.1758064516
seasonal affective disorder	0.008074319	2	0.064516129	2	0.25	0.1758064516
seborrheic dermatitis	0.125280939	2	0.064516129	1	0.125	0.1008064516
spasms	0.548809901	2	0.064516129	2	0.25	0.1758064516
tonsillitis	0.329173919	2	0.064516129	2	0.25	0.1758064516
tuberculosis	0.460608568	2	0.064516129	2	0.25	0.1758064516
vasospastic angina	0.008074319	2	0.064516129	2	0.25	0.1758064516
acetaminophen overdose	0.089974293	1	0.032258065	1	0.125	0.087903226
acromegaly	0.246422622	1	0.032258065	1	0.125	0.087903226
acute lymphoblastic leukemia (ALL)	0.757538457	1	0.032258065	1	0.125	0.087903226
acute promyelocytic leukemia (APL)	0.171874267	1	0.032258065	1	0.125	0.087903226
allergic rhinitis	0.995104078	1	0.032258065	1	0.125	0.087903226
anaphylactic shock	0.089974293	1	0.032258065	1	0.125	0.087903226
anemia	0.646017317	1	0.032258065	1	0.125	0.087903226
anesthetic	0.757538457	1	0.032258065	1	0.125	0.087903226
anxiety	0.875083214	1	0.032258065	1	0.125	0.087903226
atrial fibrillation (AF)	0.707022232	1	0.032258065	1	0.125	0.087903226
bacterial septicemia	0.799365062	1	0.032258065	1	0.125	0.087903226
bone and joint infections	0.733471089	1	0.032258065	1	0.125	0.087903226
bradycardia	0.171874267	1	0.032258065	1	0.125	0.087903226
breast cancer	0.977432942	1	0.032258065	1	0.125	0.087903226
bulimia nervosa	0.089974293	1	0.032258065	1	0.125	0.087903226
cardiac arrest	0.089974293	1	0.032258065	1	0.125	0.087903226
cervical cancer	0.089974293	1	0.032258065	1	0.125	0.087903226
chronic myeloid leukemia (CML)	0.646017317	1	0.032258065	1	0.125	0.087903226
chronic obstructive pulmonary disease (COPD)	0.733471089	1	0.032258065	1	0.125	0.087903226
claudication	0.483412907	1	0.032258065	1	0.125	0.087903226
colorectal cancer	0.677956977	1	0.032258065	1	0.125	0.087903226
conjunctivitis	0.935723602	1	0.032258065	1	0.125	0.087903226
constipation	0.779438209	1	0.032258065	1	0.125	0.087903226
contact dermatitis	0.314277544	1	0.032258065	1	0.125	0.087903226
coronary heart disease	0.314277544	1	0.032258065	1	0.125	0.087903226
cutaneous T-cell lymphoma (CTCL)	0.246422622	1	0.032258065	1	0.125	0.087903226
cytomegalovirus (CMV)	0.246422622	1	0.032258065	1	0.125	0.087903226
dermatitis herpetiformis (DH)	0.314277544	1	0.032258065	1	0.125	0.087903226
dizziness	0.089974293	1	0.032258065	1	0.125	0.087903226
enteritis	0.757538457	1	0.032258065	1	0.125	0.087903226
fever	0.875083214	1	0.032258065	1	0.125	0.087903226
fungal infection	0.707022232	1	0.032258065	1	0.125	0.087903226
gastrointestinal stromal tumors (GIST)	0.246422622	1	0.032258065	1	0.125	0.087903226
giardiasis	0.246422622	1	0.032258065	1	0.125	0.087903226
glaucoma	0.935723602	1	0.032258065	1	0.125	0.087903226
gout	0.572353461	1	0.032258065	1	0.125	0.087903226
heart block	0.089974293	1	0.032258065	1	0.125	0.087903226
hemorrhage	0.529976256	1	0.032258065	1	0.125	0.087903226
hepatic encephalopathy (HE)	0.171874267	1	0.032258065	1	0.125	0.087903226
hepatic injury	0.089974293	1	0.032258065	1	0.125	0.087903226
hepatocellular carcinoma (HCC)	0.171874267	1	0.032258065	1	0.125	0.087903226
hypercalcemia	0.646017317	1	0.032258065	1	0.125	0.087903226
hypertriglyceridemia	0.483412907	1	0.032258065	1	0.125	0.087903226
hypotension	0.707022232	1	0.032258065	1	0.125	0.087903226
hypothyroidism	0.089974293	1	0.032258065	1	0.125	0.087903226
influenza A virus infection	0.646017317	1	0.032258065	1	0.125	0.087903226
intra abdominal infections	0	1	0.032258065	1	0.125	0.087903226
intracranial pressure	0.089974293	1	0.032258065	1	0.125	0.087903226
kidney stones	0.171874267	1	0.032258065	1	0.125	0.087903226
leishmaniasis	0.171874267	1	0.032258065	1	0.125	0.087903226
lupus	0.246422622	1	0.032258065	1	0.125	0.087903226
lymphangioleiomyomatosis	0.089974293	1	0.032258065	1	0.125	0.087903226
malaria	0.90602434	1	0.032258065	1	0.125	0.087903226
medullary thyroid cancer (MTC)	0.171874267	1	0.032258065	1	0.125	0.087903226
multiple sclerosis	0.799365062	1	0.032258065	1	0.125	0.087903226
muscle relaxant	0.862658981	1	0.032258065	1	0.125	0.087903226
myeloma	0.089974293	1	0.032258065	1	0.125	0.087903226
myxedema coma	0.171874267	1	0.032258065	1	0.125	0.087903226
narcolepsy	0.246422622	1	0.032258065	1	0.125	0.087903226
nausea	0.935723602	1	0.032258065	1	0.125	0.087903226
neuroendocrine tumors of pancreatic origin (PNET)	0.171874267	1	0.032258065	1	0.125	0.087903226
non-small cell lung cancer (NSCLC)	0.862658981	1	0.032258065	1	0.125	0.087903226
obesity	0.171874267	1	0.032258065	1	0.125	0.087903226
parkinsonism	0.171874267	1	0.032258065	1	0.125	0.087903226
peptic ulcer disease (PUD)	0.922275873	1	0.032258065	1	0.125	0.087903226
plague	0.171874267	1	0.032258065	1	0.125	0.087903226
premenstrual syndrome	0.171874267	1	0.032258065	1	0.125	0.087903226
psittacosis	0.246422622	1	0.032258065	1	0.125	0.087903226
psoriatic arthritis	0.483412907	1	0.032258065	1	0.125	0.087903226
restless leg syndrome	0.376038445	1	0.032258065	1	0.125	0.087903226
shingles	0.529976256	1	0.032258065	1	0.125	0.087903226
skin depigmentation	0.171874267	1	0.032258065	1	0.125	0.087903226
sleep cycle support	0.171874267	1	0.032258065	1	0.125	0.087903226
small cell lung cancer	0.314277544	1	0.032258065	1	0.125	0.087903226
stroke	0.849002914	1	0.032258065	1	0.125	0.087903226
thyroid cancer	0.171874267	1	0.032258065	1	0.125	0.087903226
Tourette's disorder	0.171874267	1	0.032258065	1	0.125	0.087903226
tremors	0.246422622	1	0.032258065	1	0.125	0.087903226
ulcerative colitis	0.849002914	1	0.032258065	1	0.125	0.087903226
urticaria	0.817496285	1	0.032258065	1	0.125	0.087903226
vaginal atrophy	0.432251198	1	0.032258065	1	0.125	0.087903226
ventricular arrhythmias	0.707022232	1	0.032258065	1	0.125	0.087903226
virus herpes simplex (HSV)	0.610919884	1	0.032258065	1	0.125	0.087903226
vitamin B6 deficiency	0.089974293	1	0.032258065	1	0.125	0.087903226
vitamin E deficiency	0.171874267	1	0.032258065	1	0.125	0.087903226
vomiting	0.90602434	1	0.032258065	1	0.125	0.087903226
