indication	p_value	Freq	count_lists_with_drugs	normalised_freq.freq.max.	normalised_count_lists_with_drugs	sum_of_norm_freq_norm_count_lists	product_of_norm_freq_norm_count_lists	score
hypertension	0.005361302	59	19	1	1	2	1	1
schizophrenia	7e-07	32	16	0.542372881	0.842105263	1.384478145	0.456735058	0.7222123102
depression	0.001022607	26	14	0.440677966	0.736842105	1.177520071	0.32471008	0.6183764494
rheumatoid arthritis	0.102589865	24	16	0.406779661	0.842105263	1.248884924	0.342551293	0.6679750222
congestive heart failure	0.004448103	22	11	0.372881356	0.578947368	0.951828724	0.21587868	0.4965209632
osteoarthritis	0.002427093	21	13	0.355932203	0.684210526	1.04014273	0.24353256	0.5528991968
Parkinson's Disease	0.000462275	19	7	0.322033898	0.368421053	0.690454951	0.118644068	0.349866191
breast cancer	0.043165325	18	12	0.305084746	0.631578947	0.936663693	0.192685103	0.5009812666
seizures	1.21e-06	18	11	0.305084746	0.578947368	0.884032114	0.176628011	0.4694023192
bipolar disorder	0	17	9	0.288135593	0.473684211	0.761819804	0.136485281	0.3994647638
diabetes mellitus	0.082479454	17	10	0.288135593	0.526315789	0.814451383	0.151650312	0.4310437106
non-small cell lung cancer (NSCLC)	3.23e-06	17	10	0.288135593	0.526315789	0.814451383	0.151650312	0.4310437106
acute lymphoblastic leukemia (ALL)	7.78e-07	14	11	0.237288136	0.578947368	0.816235504	0.137377342	0.4422836752
chronic myeloid leukemia (CML)	0	14	10	0.237288136	0.526315789	0.763603925	0.124888492	0.4107047278
ulcerative colitis	0.001762263	13	10	0.220338983	0.526315789	0.746654773	0.115967886	0.4039250666
urinary tract infections	0.998945808	12	7	0.203389831	0.368421053	0.571810883	0.074933095	0.3024085642
asthma	0.919458598	11	8	0.186440678	0.421052632	0.60749331	0.078501338	0.3272078504
gastrointestinal stromal tumors (GIST)	0	11	8	0.186440678	0.421052632	0.60749331	0.078501338	0.3272078504
malaria	0.118650872	11	5	0.186440678	0.263157895	0.449598573	0.049063336	0.2324710082
myocardial infarction	0.01359806	11	7	0.186440678	0.368421053	0.554861731	0.068688671	0.295628903
allergic rhinitis	0.99175709	10	10	0.169491525	0.526315789	0.695807315	0.089206066	0.3835860834
ankylosing spondylitis	0	10	8	0.169491525	0.421052632	0.590544157	0.071364853	0.3204281892
headache	0.002178754	10	9	0.169491525	0.473684211	0.643175736	0.080285459	0.3520071366
psoriasis	0.14312375	10	8	0.169491525	0.421052632	0.590544157	0.071364853	0.3204281892
skin infections	0.999801455	10	8	0.169491525	0.421052632	0.590544157	0.071364853	0.3204281892
epilepsy	0.010424053	9	9	0.152542373	0.473684211	0.626226583	0.072256913	0.3452274758
migraine headache	0.100237803	9	6	0.152542373	0.315789474	0.468331847	0.048171276	0.2504906336
pneumonia	0.977392658	9	6	0.152542373	0.315789474	0.468331847	0.048171276	0.2504906336
renal cell carcinoma (RCC)	0	9	4	0.152542373	0.210526316	0.363068689	0.032114184	0.1873327388
edema	0.209375005	8	5	0.13559322	0.263157895	0.398751115	0.035682426	0.212132025
fever	0.368124923	8	6	0.13559322	0.315789474	0.451382694	0.042818912	0.2437109724
hyperlipidemia	0.022262978	8	4	0.13559322	0.210526316	0.346119536	0.028545941	0.1805530776
acute myeloid leukemia (AML)	0.151022646	7	6	0.118644068	0.315789474	0.434433541	0.037466548	0.2369313116
glaucoma	0.843152359	7	4	0.118644068	0.210526316	0.329170384	0.024977698	0.1737734168
multiple myeloma	0.199973399	7	5	0.118644068	0.263157895	0.381801963	0.031222123	0.2053523642
muscle pain	0.254034033	7	6	0.118644068	0.315789474	0.434433541	0.037466548	0.2369313116
ventricular arrhythmias	0.073262439	7	6	0.118644068	0.315789474	0.434433541	0.037466548	0.2369313116
bursitis	0	6	6	0.101694915	0.315789474	0.417484389	0.032114184	0.2301516504
colorectal cancer	0.134472898	6	6	0.101694915	0.315789474	0.417484389	0.032114184	0.2301516504
conjunctivitis	0.925501262	6	6	0.101694915	0.315789474	0.417484389	0.032114184	0.2301516504
coronary artery disease (CAD)	0.308961168	6	5	0.101694915	0.263157895	0.36485281	0.02676182	0.198572703
coronary heart disease	0	6	6	0.101694915	0.315789474	0.417484389	0.032114184	0.2301516504
cutaneous T-cell lymphoma (CTCL)	0	6	6	0.101694915	0.315789474	0.417484389	0.032114184	0.2301516504
enteritis	0.308961168	6	5	0.101694915	0.263157895	0.36485281	0.02676182	0.198572703
erectile dysfunction	0.029742447	6	2	0.101694915	0.105263158	0.206958073	0.010704728	0.1038358608
gram-negative bacterial infections	0.999594431	6	6	0.101694915	0.315789474	0.417484389	0.032114184	0.2301516504
hypercholesterolemia	0.013416507	6	4	0.101694915	0.210526316	0.312221231	0.021409456	0.1669937556
multiple sclerosis	0.439982811	6	5	0.101694915	0.263157895	0.36485281	0.02676182	0.198572703
nausea	0.925501262	6	5	0.101694915	0.263157895	0.36485281	0.02676182	0.198572703
nephrotic syndrome	0.029742447	6	5	0.101694915	0.263157895	0.36485281	0.02676182	0.198572703
osteoporosis	0.37435383	6	5	0.101694915	0.263157895	0.36485281	0.02676182	0.198572703
thyroid cancer	0	6	4	0.101694915	0.210526316	0.312221231	0.021409456	0.1669937556
tinea pedis	0.308961168	6	3	0.101694915	0.157894737	0.259589652	0.016057092	0.1354148082
vomiting	0.835987248	6	5	0.101694915	0.263157895	0.36485281	0.02676182	0.198572703
acne vulgaris (AV)	0.449502802	5	4	0.084745763	0.210526316	0.295272079	0.017841213	0.1602140948
aggressive systemic mastocytosis (ASM)	0	5	5	0.084745763	0.263157895	0.347903657	0.022301517	0.1917930422
chronic eosinophilic leukemia (CEL)	0	5	5	0.084745763	0.263157895	0.347903657	0.022301517	0.1917930422
chronic obstructive pulmonary disease (COPD)	0.449502802	5	4	0.084745763	0.210526316	0.295272079	0.017841213	0.1602140948
corticosteroid-responsive dermatoses	0.86026228	5	4	0.084745763	0.210526316	0.295272079	0.017841213	0.1602140948
cough suppressant	0.750086131	5	4	0.084745763	0.210526316	0.295272079	0.017841213	0.1602140948
dermatofibrosarcoma protuberans (DFSP)	0	5	5	0.084745763	0.263157895	0.347903657	0.022301517	0.1917930422
eczema	0.585873522	5	4	0.084745763	0.210526316	0.295272079	0.017841213	0.1602140948
hypereosinophilic syndrome (HES)	0	5	5	0.084745763	0.263157895	0.347903657	0.022301517	0.1917930422
hypoparathyroidism	0	5	4	0.084745763	0.210526316	0.295272079	0.017841213	0.1602140948
irritability	0	5	5	0.084745763	0.263157895	0.347903657	0.022301517	0.1917930422
medullary thyroid cancer (MTC)	0	5	4	0.084745763	0.210526316	0.295272079	0.017841213	0.1602140948
meningitis	0.86026228	5	4	0.084745763	0.210526316	0.295272079	0.017841213	0.1602140948
myasthenia gravis	0	5	3	0.084745763	0.157894737	0.2426405	0.01338091	0.1286351474
myelodysplastic diseases (MDS)	0	5	5	0.084745763	0.263157895	0.347903657	0.022301517	0.1917930422
obsessive compulsive disorder (OCD)	0.002859582	5	5	0.084745763	0.263157895	0.347903657	0.022301517	0.1917930422
prostate cancer	0.86026228	5	4	0.084745763	0.210526316	0.295272079	0.017841213	0.1602140948
psoriatic arthritis	0.033188958	5	4	0.084745763	0.210526316	0.295272079	0.017841213	0.1602140948
stroke	0.792534058	5	4	0.084745763	0.210526316	0.295272079	0.017841213	0.1602140948
tinea cruris	0.066143045	5	2	0.084745763	0.105263158	0.190008921	0.008920607	0.0970562
Alzheimer's disease	0.212970892	4	2	0.06779661	0.105263158	0.173059768	0.007136485	0.0902765388
anemia	0.460632362	4	4	0.06779661	0.210526316	0.278322926	0.014272971	0.1534344336
angina pectoris	0.966563677	4	3	0.06779661	0.157894737	0.225691347	0.010704728	0.1218554862
atrial fibrillation (AF)	0.611223313	4	3	0.06779661	0.157894737	0.225691347	0.010704728	0.1218554862
bone and joint infections	0.675911518	4	4	0.06779661	0.210526316	0.278322926	0.014272971	0.1534344336
chronic stable angina	0.009237188	4	4	0.06779661	0.210526316	0.278322926	0.014272971	0.1534344336
diabetic nephropathy	0.078775248	4	3	0.06779661	0.157894737	0.225691347	0.010704728	0.1218554862
generalized anxiety disorder (GAD)	0.139556968	4	4	0.06779661	0.210526316	0.278322926	0.014272971	0.1534344336
gout	0.294032573	4	4	0.06779661	0.210526316	0.278322926	0.014272971	0.1534344336
gram-positive bacterial infections	0.996207846	4	4	0.06779661	0.210526316	0.278322926	0.014272971	0.1534344336
hepatic cirrhosis	0.212970892	4	4	0.06779661	0.210526316	0.278322926	0.014272971	0.1534344336
hypercalcemia	0.460632362	4	4	0.06779661	0.210526316	0.278322926	0.014272971	0.1534344336
idiopathic pulmonary fibrosis (IPF)	0	4	4	0.06779661	0.210526316	0.278322926	0.014272971	0.1534344336
itching	0.460632362	4	3	0.06779661	0.157894737	0.225691347	0.010704728	0.1218554862
mycosis	0.078775248	4	4	0.06779661	0.210526316	0.278322926	0.014272971	0.1534344336
ovarian cancer	0.377934859	4	4	0.06779661	0.210526316	0.278322926	0.014272971	0.1534344336
pain relief	0.999640386	4	4	0.06779661	0.210526316	0.278322926	0.014272971	0.1534344336
panic disorders	0.009237188	4	4	0.06779661	0.210526316	0.278322926	0.014272971	0.1534344336
respiratory tract infections	0.997866371	4	4	0.06779661	0.210526316	0.278322926	0.014272971	0.1534344336
sedative	0.823155434	4	2	0.06779661	0.105263158	0.173059768	0.007136485	0.0902765388
tendinitis	0	4	4	0.06779661	0.210526316	0.278322926	0.014272971	0.1534344336
tinea corporis	0.294032573	4	2	0.06779661	0.105263158	0.173059768	0.007136485	0.0902765388
toothache	0.009237188	4	3	0.06779661	0.157894737	0.225691347	0.010704728	0.1218554862
tremors	0	4	3	0.06779661	0.157894737	0.225691347	0.010704728	0.1218554862
tuberculosis	0.823155434	4	4	0.06779661	0.210526316	0.278322926	0.014272971	0.1534344336
urinary incontinence	0.377934859	4	3	0.06779661	0.157894737	0.225691347	0.010704728	0.1218554862
weight-loss aid	0	4	4	0.06779661	0.210526316	0.278322926	0.014272971	0.1534344336
acute promyelocytic leukemia (APL)	0	3	3	0.050847458	0.157894737	0.208742194	0.008028546	0.1150758254
bladder cancer	0.176813538	3	3	0.050847458	0.157894737	0.208742194	0.008028546	0.1150758254
bronchitis	0.999704521	3	3	0.050847458	0.157894737	0.208742194	0.008028546	0.1150758254
chronic renal failure	0.091573981	3	3	0.050847458	0.157894737	0.208742194	0.008028546	0.1150758254
contrast agent	0.890194398	3	3	0.050847458	0.157894737	0.208742194	0.008028546	0.1150758254
dermatitis herpetiformis (DH)	0.091573981	3	3	0.050847458	0.157894737	0.208742194	0.008028546	0.1150758254
gastric adenocarcinoma	0.091573981	3	3	0.050847458	0.157894737	0.208742194	0.008028546	0.1150758254
gastroesophageal reflux disease (GERD)	0.81952578	3	2	0.050847458	0.105263158	0.156110616	0.005352364	0.083496878
gastrointestinal roundworms	0.56448504	3	3	0.050847458	0.157894737	0.208742194	0.008028546	0.1150758254
gastroparesis	0.029821386	3	3	0.050847458	0.157894737	0.208742194	0.008028546	0.1150758254
hepatocellular carcinoma (HCC)	0	3	3	0.050847458	0.157894737	0.208742194	0.008028546	0.1150758254
Hodgkin's lymphoma	0.56448504	3	3	0.050847458	0.157894737	0.208742194	0.008028546	0.1150758254
hyperglycemia	0.091573981	3	3	0.050847458	0.157894737	0.208742194	0.008028546	0.1150758254
hyperprolactinemia	0.091573981	3	2	0.050847458	0.105263158	0.156110616	0.005352364	0.083496878
hypophosphatemia	0	3	3	0.050847458	0.157894737	0.208742194	0.008028546	0.1150758254
infertility	0.091573981	3	3	0.050847458	0.157894737	0.208742194	0.008028546	0.1150758254
intra-abdominal infections	0.983945815	3	3	0.050847458	0.157894737	0.208742194	0.008028546	0.1150758254
nasal congestion	0.56448504	3	2	0.050847458	0.105263158	0.156110616	0.005352364	0.083496878
neuroendocrine tumors of pancreatic origin (PNET)	0	3	3	0.050847458	0.157894737	0.208742194	0.008028546	0.1150758254
otitis	0.915248319	3	3	0.050847458	0.157894737	0.208742194	0.008028546	0.1150758254
peripheral artery disease (PAD)	0.176813538	3	3	0.050847458	0.157894737	0.208742194	0.008028546	0.1150758254
posttraumatic stress disorder	0.029821386	3	3	0.050847458	0.157894737	0.208742194	0.008028546	0.1150758254
restless leg syndrome	0.176813538	3	2	0.050847458	0.105263158	0.156110616	0.005352364	0.083496878
rickets	0	3	3	0.050847458	0.157894737	0.208742194	0.008028546	0.1150758254
seborrheic dermatitis	0.376322971	3	3	0.050847458	0.157894737	0.208742194	0.008028546	0.1150758254
senile dementia	0.81952578	3	3	0.050847458	0.157894737	0.208742194	0.008028546	0.1150758254
social anxiety disorder	0.029821386	3	3	0.050847458	0.157894737	0.208742194	0.008028546	0.1150758254
tapeworm	0.274851827	3	3	0.050847458	0.157894737	0.208742194	0.008028546	0.1150758254
vasospastic angina	0	3	3	0.050847458	0.157894737	0.208742194	0.008028546	0.1150758254
ventricular tachycardia (VT)	0.644435118	3	3	0.050847458	0.157894737	0.208742194	0.008028546	0.1150758254
acromegaly	0.229018345	2	2	0.033898305	0.105263158	0.139161463	0.003568243	0.0767172168
acute glomerulonephritis (AGN)	0.229018345	2	2	0.033898305	0.105263158	0.139161463	0.003568243	0.0767172168
acute intermittent porphyria (AIP)	0.096220372	2	2	0.033898305	0.105263158	0.139161463	0.003568243	0.0767172168
amebiasis	0.866371226	2	2	0.033898305	0.105263158	0.139161463	0.003568243	0.0767172168
anesthetic	0.970761986	2	2	0.033898305	0.105263158	0.139161463	0.003568243	0.0767172168
angioedema	0.601917323	2	1	0.033898305	0.052631579	0.086529884	0.001784121	0.0451382694
backache	0.229018345	2	2	0.033898305	0.105263158	0.139161463	0.003568243	0.0767172168
bacterial septicemia	0.98452051	2	1	0.033898305	0.052631579	0.086529884	0.001784121	0.0451382694
benign prostatic hyperplasia (BPH)	0.764762013	2	2	0.033898305	0.105263158	0.139161463	0.003568243	0.0767172168
bronchospasm	0.821984005	2	2	0.033898305	0.105263158	0.139161463	0.003568243	0.0767172168
cardiac arrythmia	0.970761986	2	2	0.033898305	0.105263158	0.139161463	0.003568243	0.0767172168
cholera	0.764762013	2	2	0.033898305	0.105263158	0.139161463	0.003568243	0.0767172168
chronic kidney disease (CKD)	0.229018345	2	1	0.033898305	0.052631579	0.086529884	0.001784121	0.0451382694
claudication	0.692155064	2	2	0.033898305	0.105263158	0.139161463	0.003568243	0.0767172168
coccidiosis	0.970761986	2	2	0.033898305	0.105263158	0.139161463	0.003568243	0.0767172168
common cold	0.866371226	2	2	0.033898305	0.105263158	0.139161463	0.003568243	0.0767172168
cutaneous candidiasis	0	2	2	0.033898305	0.105263158	0.139161463	0.003568243	0.0767172168
cystic hydatid disease	0.229018345	2	2	0.033898305	0.105263158	0.139161463	0.003568243	0.0767172168
deep vein thrombosis (DVT)	0.94554445	2	2	0.033898305	0.105263158	0.139161463	0.003568243	0.0767172168
drowsiness	0.229018345	2	2	0.033898305	0.105263158	0.139161463	0.003568243	0.0767172168
dysentry	0.36646271	2	2	0.033898305	0.105263158	0.139161463	0.003568243	0.0767172168
exercise-induced bronchoconstriction (EIB)	0	2	2	0.033898305	0.105263158	0.139161463	0.003568243	0.0767172168
fatigue	0.601917323	2	2	0.033898305	0.105263158	0.139161463	0.003568243	0.0767172168
first-aid antibiotic	0.601917323	2	2	0.033898305	0.105263158	0.139161463	0.003568243	0.0767172168
gastrointestinal parasites	0.764762013	2	2	0.033898305	0.105263158	0.139161463	0.003568243	0.0767172168
heart attack	0	2	2	0.033898305	0.105263158	0.139161463	0.003568243	0.0767172168
heartburn	0.601917323	2	2	0.033898305	0.105263158	0.139161463	0.003568243	0.0767172168
hemorrhage	0.764762013	2	2	0.033898305	0.105263158	0.139161463	0.003568243	0.0767172168
histomoniasis	0	2	2	0.033898305	0.105263158	0.139161463	0.003568243	0.0767172168
hookworm	0.36646271	2	2	0.033898305	0.105263158	0.139161463	0.003568243	0.0767172168
human immunodeficiency virus (HIV-1)	0.999898954	2	2	0.033898305	0.105263158	0.139161463	0.003568243	0.0767172168
hyperparathyroidism	0.601917323	2	1	0.033898305	0.052631579	0.086529884	0.001784121	0.0451382694
hyperthyroidism	0.492895491	2	2	0.033898305	0.105263158	0.139161463	0.003568243	0.0767172168
hyperuricemia	0.229018345	2	2	0.033898305	0.105263158	0.139161463	0.003568243	0.0767172168
hypocalcemia	0.096220372	2	2	0.033898305	0.105263158	0.139161463	0.003568243	0.0767172168
hypotension	0.94554445	2	2	0.033898305	0.105263158	0.139161463	0.003568243	0.0767172168
inflammatory bowel disease	0.229018345	2	2	0.033898305	0.105263158	0.139161463	0.003568243	0.0767172168
intraocular pressure	0.960019641	2	2	0.033898305	0.105263158	0.139161463	0.003568243	0.0767172168
iron overload	0.229018345	2	2	0.033898305	0.105263158	0.139161463	0.003568243	0.0767172168
irritable bowel syndrome	0.991897162	2	2	0.033898305	0.105263158	0.139161463	0.003568243	0.0767172168
Kaposi sarcoma	0	2	2	0.033898305	0.105263158	0.139161463	0.003568243	0.0767172168
lupus	0.229018345	2	2	0.033898305	0.105263158	0.139161463	0.003568243	0.0767172168
mantle cell lymphoma (MCL)	0.36646271	2	2	0.033898305	0.105263158	0.139161463	0.003568243	0.0767172168
menopause	0.960019641	2	2	0.033898305	0.105263158	0.139161463	0.003568243	0.0767172168
menstrual pain	0.229018345	2	2	0.033898305	0.105263158	0.139161463	0.003568243	0.0767172168
muscle relaxant	0.99579814	2	1	0.033898305	0.052631579	0.086529884	0.001784121	0.0451382694
pancreatic cancer	0.601917323	2	2	0.033898305	0.105263158	0.139161463	0.003568243	0.0767172168
parkinsonism	0.096220372	2	1	0.033898305	0.052631579	0.086529884	0.001784121	0.0451382694
pelvic inflammatory disease	0.866371226	2	2	0.033898305	0.105263158	0.139161463	0.003568243	0.0767172168
peptic ulcer disease (PUD)	0.999438811	2	2	0.033898305	0.105263158	0.139161463	0.003568243	0.0767172168
pheochromocytoma	0.229018345	2	2	0.033898305	0.105263158	0.139161463	0.003568243	0.0767172168
psychosis	0.900373465	2	2	0.033898305	0.105263158	0.139161463	0.003568243	0.0767172168
pulmonary arterial hypertension (PAH)	0.601917323	2	2	0.033898305	0.105263158	0.139161463	0.003568243	0.0767172168
sinusitis	0.970761986	2	2	0.033898305	0.105263158	0.139161463	0.003568243	0.0767172168
small lymphocytic lymphoma (SLL)	0.096220372	2	2	0.033898305	0.105263158	0.139161463	0.003568243	0.0767172168
smoking cessation	0.229018345	2	2	0.033898305	0.105263158	0.139161463	0.003568243	0.0767172168
soft tissue sarcoma (STS)	0	2	2	0.033898305	0.105263158	0.139161463	0.003568243	0.0767172168
surgical prophylaxis	0.36646271	2	2	0.033898305	0.105263158	0.139161463	0.003568243	0.0767172168
testicular carcinoma	0.764762013	2	2	0.033898305	0.105263158	0.139161463	0.003568243	0.0767172168
tetanus	0	2	2	0.033898305	0.105263158	0.139161463	0.003568243	0.0767172168
tinea versicolor	0	2	2	0.033898305	0.105263158	0.139161463	0.003568243	0.0767172168
Tourette's disorder	0.096220372	2	2	0.033898305	0.105263158	0.139161463	0.003568243	0.0767172168
true histiocytic lymphoma (THL)	0.096220372	2	2	0.033898305	0.105263158	0.139161463	0.003568243	0.0767172168
urticaria	0.988786176	2	2	0.033898305	0.105263158	0.139161463	0.003568243	0.0767172168
vitamin D deficiency	0.096220372	2	1	0.033898305	0.052631579	0.086529884	0.001784121	0.0451382694
vulvovaginal candidiasis	0.601917323	2	1	0.033898305	0.052631579	0.086529884	0.001784121	0.0451382694
yeast infection	0.229018345	2	2	0.033898305	0.105263158	0.139161463	0.003568243	0.0767172168
abstinence from alcohol	0.844097661	1	1	0.016949153	0.052631579	0.069580731	0.000892061	0.0383586086
acquired immunodeficiency syndrome (AIDS)	0.773857227	1	1	0.016949153	0.052631579	0.069580731	0.000892061	0.0383586086
acute abdominal visceral spasm	0.52434518	1	1	0.016949153	0.052631579	0.069580731	0.000892061	0.0383586086
acute iron intoxication	0.310282776	1	1	0.016949153	0.052631579	0.069580731	0.000892061	0.0383586086
akathisia	0.310282776	1	1	0.016949153	0.052631579	0.069580731	0.000892061	0.0383586086
amenorrhea	0.672008598	1	1	0.016949153	0.052631579	0.069580731	0.000892061	0.0383586086
amyotrophic lateral sclerosis (ALS)	0.52434518	1	1	0.016949153	0.052631579	0.069580731	0.000892061	0.0383586086
anterior uveitis	0.310282776	1	1	0.016949153	0.052631579	0.069580731	0.000892061	0.0383586086
anthrax	0.52434518	1	1	0.016949153	0.052631579	0.069580731	0.000892061	0.0383586086
anxiety	0.999725142	1	1	0.016949153	0.052631579	0.069580731	0.000892061	0.0383586086
aphthous ulcers	0.310282776	1	1	0.016949153	0.052631579	0.069580731	0.000892061	0.0383586086
ascariasis	0.52434518	1	1	0.016949153	0.052631579	0.069580731	0.000892061	0.0383586086
aspergillosis	0.672008598	1	1	0.016949153	0.052631579	0.069580731	0.000892061	0.0383586086
atherosclerosis	0.844097661	1	1	0.016949153	0.052631579	0.069580731	0.000892061	0.0383586086
basal cell carcinoma (BCC)	0.672008598	1	1	0.016949153	0.052631579	0.069580731	0.000892061	0.0383586086
blackhead disease	0.310282776	1	1	0.016949153	0.052631579	0.069580731	0.000892061	0.0383586086
bradycardia	0.52434518	1	1	0.016949153	0.052631579	0.069580731	0.000892061	0.0383586086
brucellosis	0.52434518	1	1	0.016949153	0.052631579	0.069580731	0.000892061	0.0383586086
bulimia nervosa	0.310282776	1	1	0.016949153	0.052631579	0.069580731	0.000892061	0.0383586086
caudal epidural block	0.310282776	1	1	0.016949153	0.052631579	0.069580731	0.000892061	0.0383586086
celluitis	0.310282776	1	1	0.016949153	0.052631579	0.069580731	0.000892061	0.0383586086
cerebral cholesterosis	0.52434518	1	1	0.016949153	0.052631579	0.069580731	0.000892061	0.0383586086
cerebrovascular insufficiency	0.310282776	1	1	0.016949153	0.052631579	0.069580731	0.000892061	0.0383586086
cervical cancer	0.310282776	1	1	0.016949153	0.052631579	0.069580731	0.000892061	0.0383586086
chancroid	0.672008598	1	1	0.016949153	0.052631579	0.069580731	0.000892061	0.0383586086
chronic lymphocytic leukemia (CLL)	0.96482547	1	1	0.016949153	0.052631579	0.069580731	0.000892061	0.0383586086
chronic venous insufficiency (CVI)	0.310282776	1	1	0.016949153	0.052631579	0.069580731	0.000892061	0.0383586086
cold sore	0.672008598	1	1	0.016949153	0.052631579	0.069580731	0.000892061	0.0383586086
colitis	0.892533729	1	1	0.016949153	0.052631579	0.069580731	0.000892061	0.0383586086
congenital adrenal hyperplasia	0.672008598	1	1	0.016949153	0.052631579	0.069580731	0.000892061	0.0383586086
congenital heart defects	0.52434518	1	1	0.016949153	0.052631579	0.069580731	0.000892061	0.0383586086
contact dermatitis	0.773857227	1	1	0.016949153	0.052631579	0.069580731	0.000892061	0.0383586086
contraceptive	0.999869931	1	1	0.016949153	0.052631579	0.069580731	0.000892061	0.0383586086
cosmetic	0.999156416	1	1	0.016949153	0.052631579	0.069580731	0.000892061	0.0383586086
cystic fibrosis	0.844097661	1	1	0.016949153	0.052631579	0.069580731	0.000892061	0.0383586086
cytomegalovirus (CMV)	0.672008598	1	1	0.016949153	0.052631579	0.069580731	0.000892061	0.0383586086
dermatographism	0.52434518	1	1	0.016949153	0.052631579	0.069580731	0.000892061	0.0383586086
dermatomyositis	0.52434518	1	1	0.016949153	0.052631579	0.069580731	0.000892061	0.0383586086
diarrhea	0.999725142	1	1	0.016949153	0.052631579	0.069580731	0.000892061	0.0383586086
duchenne muscular dystrophy (DMD)	0.310282776	1	1	0.016949153	0.052631579	0.069580731	0.000892061	0.0383586086
duodenal ulcer disease	0.96482547	1	1	0.016949153	0.052631579	0.069580731	0.000892061	0.0383586086
dyslipidemia	0.672008598	1	1	0.016949153	0.052631579	0.069580731	0.000892061	0.0383586086
dysthymic disorder	0.52434518	1	1	0.016949153	0.052631579	0.069580731	0.000892061	0.0383586086
dystonia	0.310282776	1	1	0.016949153	0.052631579	0.069580731	0.000892061	0.0383586086
ear infections	0.96482547	1	1	0.016949153	0.052631579	0.069580731	0.000892061	0.0383586086
emphysema	0.96482547	1	1	0.016949153	0.052631579	0.069580731	0.000892061	0.0383586086
endocarditis	0.96482547	1	1	0.016949153	0.052631579	0.069580731	0.000892061	0.0383586086
enterocolitis	0.52434518	1	1	0.016949153	0.052631579	0.069580731	0.000892061	0.0383586086
epicondylitis	0.52434518	1	1	0.016949153	0.052631579	0.069580731	0.000892061	0.0383586086
erosive esophagitis (EE)	0.773857227	1	1	0.016949153	0.052631579	0.069580731	0.000892061	0.0383586086
esophageal candidiasis	0.892533729	1	1	0.016949153	0.052631579	0.069580731	0.000892061	0.0383586086
extrapyramidal symptoms (EPS)	0.310282776	1	1	0.016949153	0.052631579	0.069580731	0.000892061	0.0383586086
fescue toxicosis	0.310282776	1	1	0.016949153	0.052631579	0.069580731	0.000892061	0.0383586086
first-aid antiseptic	0.96482547	1	1	0.016949153	0.052631579	0.069580731	0.000892061	0.0383586086
flea control	0.948954196	1	1	0.016949153	0.052631579	0.069580731	0.000892061	0.0383586086
gallstones	0.672008598	1	1	0.016949153	0.052631579	0.069580731	0.000892061	0.0383586086
general anaesthetic	0.773857227	1	1	0.016949153	0.052631579	0.069580731	0.000892061	0.0383586086
genitial herpes	0.773857227	1	1	0.016949153	0.052631579	0.069580731	0.000892061	0.0383586086
giardiasis	0.672008598	1	1	0.016949153	0.052631579	0.069580731	0.000892061	0.0383586086
goiter	0.310282776	1	1	0.016949153	0.052631579	0.069580731	0.000892061	0.0383586086
gonorrhea	0.983303967	1	1	0.016949153	0.052631579	0.069580731	0.000892061	0.0383586086
Grave's disease	0.310282776	1	1	0.016949153	0.052631579	0.069580731	0.000892061	0.0383586086
head and neck squamous cell carcinoma (HNSCC)	0.773857227	1	1	0.016949153	0.052631579	0.069580731	0.000892061	0.0383586086
heart block	0.310282776	1	1	0.016949153	0.052631579	0.069580731	0.000892061	0.0383586086
heavy leg syndrome	0.310282776	1	1	0.016949153	0.052631579	0.069580731	0.000892061	0.0383586086
hemophilia	0.310282776	1	1	0.016949153	0.052631579	0.069580731	0.000892061	0.0383586086
hepatitis B	0.996243561	1	1	0.016949153	0.052631579	0.069580731	0.000892061	0.0383586086
Huntington's disease	0.310282776	1	1	0.016949153	0.052631579	0.069580731	0.000892061	0.0383586086
hyperaldosteronism	0.310282776	1	1	0.016949153	0.052631579	0.069580731	0.000892061	0.0383586086
hypertriglyceridemia	0.925930173	1	1	0.016949153	0.052631579	0.069580731	0.000892061	0.0383586086
hypokalemia	0.52434518	1	1	0.016949153	0.052631579	0.069580731	0.000892061	0.0383586086
impetigo	0.52434518	1	1	0.016949153	0.052631579	0.069580731	0.000892061	0.0383586086
interstitial cystitis (IC)	0.773857227	1	1	0.016949153	0.052631579	0.069580731	0.000892061	0.0383586086
jaundice	0.310282776	1	1	0.016949153	0.052631579	0.069580731	0.000892061	0.0383586086
joint inflammation	0.672008598	1	1	0.016949153	0.052631579	0.069580731	0.000892061	0.0383586086
joint pain	0.96482547	1	1	0.016949153	0.052631579	0.069580731	0.000892061	0.0383586086
labor induction	0.773857227	1	1	0.016949153	0.052631579	0.069580731	0.000892061	0.0383586086
left ventricular systolic dysfunction (LVSD)	0.310282776	1	1	0.016949153	0.052631579	0.069580731	0.000892061	0.0383586086
leprosy	0.773857227	1	1	0.016949153	0.052631579	0.069580731	0.000892061	0.0383586086
lice	0.892533729	1	1	0.016949153	0.052631579	0.069580731	0.000892061	0.0383586086
lumbago	0.672008598	1	1	0.016949153	0.052631579	0.069580731	0.000892061	0.0383586086
lumbar epidural block	0.310282776	1	1	0.016949153	0.052631579	0.069580731	0.000892061	0.0383586086
lungworms	0.773857227	1	1	0.016949153	0.052631579	0.069580731	0.000892061	0.0383586086
lymphangioleiomyomatosis	0.310282776	1	1	0.016949153	0.052631579	0.069580731	0.000892061	0.0383586086
macular degeneration	0.672008598	1	1	0.016949153	0.052631579	0.069580731	0.000892061	0.0383586086
malignant hyperthermia (MH)	0.310282776	1	1	0.016949153	0.052631579	0.069580731	0.000892061	0.0383586086
mastocytoma	0.310282776	1	1	0.016949153	0.052631579	0.069580731	0.000892061	0.0383586086
megaloblastic anemia	0.52434518	1	1	0.016949153	0.052631579	0.069580731	0.000892061	0.0383586086
melanoma	0.96482547	1	1	0.016949153	0.052631579	0.069580731	0.000892061	0.0383586086
mesothelioma	0.52434518	1	1	0.016949153	0.052631579	0.069580731	0.000892061	0.0383586086
motion sickness	0.773857227	1	1	0.016949153	0.052631579	0.069580731	0.000892061	0.0383586086
myelofibrosis	0.52434518	1	1	0.016949153	0.052631579	0.069580731	0.000892061	0.0383586086
myeloma	0.310282776	1	1	0.016949153	0.052631579	0.069580731	0.000892061	0.0383586086
navicular syndrome	0.310282776	1	1	0.016949153	0.052631579	0.069580731	0.000892061	0.0383586086
non-Hodgkin lymphoma (NHL)	0.925930173	1	1	0.016949153	0.052631579	0.069580731	0.000892061	0.0383586086
organ rejection	0.844097661	1	1	0.016949153	0.052631579	0.069580731	0.000892061	0.0383586086
organophosphate poisoning	0.310282776	1	1	0.016949153	0.052631579	0.069580731	0.000892061	0.0383586086
Paget's disease	0.892533729	1	1	0.016949153	0.052631579	0.069580731	0.000892061	0.0383586086
parenchymal neurocysticercosis	0.52434518	1	1	0.016949153	0.052631579	0.069580731	0.000892061	0.0383586086
periarthritis	0.52434518	1	1	0.016949153	0.052631579	0.069580731	0.000892061	0.0383586086
peripheral nerve block	0.310282776	1	1	0.016949153	0.052631579	0.069580731	0.000892061	0.0383586086
peripheral neuropathy	0.52434518	1	1	0.016949153	0.052631579	0.069580731	0.000892061	0.0383586086
peripheral T-cell lymphoma (PTCL)	0.844097661	1	1	0.016949153	0.052631579	0.069580731	0.000892061	0.0383586086
plague	0.52434518	1	1	0.016949153	0.052631579	0.069580731	0.000892061	0.0383586086
poison antidote	0.773857227	1	1	0.016949153	0.052631579	0.069580731	0.000892061	0.0383586086
polycystic ovary syndrom (PCOS)	0.310282776	1	1	0.016949153	0.052631579	0.069580731	0.000892061	0.0383586086
postpartum hemorrhage (PPH)	0.52434518	1	1	0.016949153	0.052631579	0.069580731	0.000892061	0.0383586086
premenstrual syndrome	0.52434518	1	1	0.016949153	0.052631579	0.069580731	0.000892061	0.0383586086
primary biliary cholangitis	0.310282776	1	1	0.016949153	0.052631579	0.069580731	0.000892061	0.0383586086
prostatitis	0.672008598	1	1	0.016949153	0.052631579	0.069580731	0.000892061	0.0383586086
psittacosis	0.672008598	1	1	0.016949153	0.052631579	0.069580731	0.000892061	0.0383586086
pulmonary embolism (PE)	0.948954196	1	1	0.016949153	0.052631579	0.069580731	0.000892061	0.0383586086
pyelonephritis	0.773857227	1	1	0.016949153	0.052631579	0.069580731	0.000892061	0.0383586086
rosacea	0.773857227	1	1	0.016949153	0.052631579	0.069580731	0.000892061	0.0383586086
schistosomiasis	0.672008598	1	1	0.016949153	0.052631579	0.069580731	0.000892061	0.0383586086
seasonal affective disorder	0.52434518	1	1	0.016949153	0.052631579	0.069580731	0.000892061	0.0383586086
shingles	0.948954196	1	1	0.016949153	0.052631579	0.069580731	0.000892061	0.0383586086
skin depigmentation	0.52434518	1	1	0.016949153	0.052631579	0.069580731	0.000892061	0.0383586086
skin protectant	0.672008598	1	1	0.016949153	0.052631579	0.069580731	0.000892061	0.0383586086
skin ulcer	0.310282776	1	1	0.016949153	0.052631579	0.069580731	0.000892061	0.0383586086
small cell lung cancer	0.773857227	1	1	0.016949153	0.052631579	0.069580731	0.000892061	0.0383586086
spasms	0.99941945	1	1	0.016949153	0.052631579	0.069580731	0.000892061	0.0383586086
statis dermatitis	0.52434518	1	1	0.016949153	0.052631579	0.069580731	0.000892061	0.0383586086
sunscreen lotion	0.996243561	1	1	0.016949153	0.052631579	0.069580731	0.000892061	0.0383586086
syphilis	0.844097661	1	1	0.016949153	0.052631579	0.069580731	0.000892061	0.0383586086
thalassemia	0.52434518	1	1	0.016949153	0.052631579	0.069580731	0.000892061	0.0383586086
thyroiditis	0.844097661	1	1	0.016949153	0.052631579	0.069580731	0.000892061	0.0383586086
trachoma	0.773857227	1	1	0.016949153	0.052631579	0.069580731	0.000892061	0.0383586086
transfusional hemosiderosis	0.52434518	1	1	0.016949153	0.052631579	0.069580731	0.000892061	0.0383586086
tularemia	0.52434518	1	1	0.016949153	0.052631579	0.069580731	0.000892061	0.0383586086
ulcerative esophagitis (UE)	0.310282776	1	1	0.016949153	0.052631579	0.069580731	0.000892061	0.0383586086
urethritis	0.844097661	1	1	0.016949153	0.052631579	0.069580731	0.000892061	0.0383586086
urinary frequency	0.672008598	1	1	0.016949153	0.052631579	0.069580731	0.000892061	0.0383586086
vaginal atrophy	0.892533729	1	1	0.016949153	0.052631579	0.069580731	0.000892061	0.0383586086
vascular spasm	0.52434518	1	1	0.016949153	0.052631579	0.069580731	0.000892061	0.0383586086
vasomotor rhinitis	0.52434518	1	1	0.016949153	0.052631579	0.069580731	0.000892061	0.0383586086
virus herpes simplex (HSV)	0.97576483	1	1	0.016949153	0.052631579	0.069580731	0.000892061	0.0383586086
vitiligo	0.52434518	1	1	0.016949153	0.052631579	0.069580731	0.000892061	0.0383586086
Wilm's tumor	0.672008598	1	1	0.016949153	0.052631579	0.069580731	0.000892061	0.0383586086
Wolff-Parkinson-White Syndrome (WPW)	0.672008598	1	1	0.016949153	0.052631579	0.069580731	0.000892061	0.0383586086
Zollinger-Ellison syndrome	0.844097661	1	1	0.016949153	0.052631579	0.069580731	0.000892061	0.0383586086
